   0.0000000000000000        0.0000000000000000     
   5.0000000745058060E-002  -2.9772528985118933     
  0.10000000149011612       -5.8257458967386517     
  0.15000000223517418       -8.5019905503006292     
  0.20000000298023224       -10.962498414818180     
  0.25000000372529030       -13.163781045911662     
  0.30000000447034836       -15.062349999201423     
  0.35000000521540642       -16.614716830307817     
  0.40000000596046448       -17.777393094851206     
  0.45000000670552254       -18.506890348451940     
  0.50000000745058060       -18.759720146730373     
  0.55000000819563866       -18.492394045306856     
  0.60000000894069672       -17.661423599801747     
  0.65000000968575478       -16.223320365835402     
  0.70000001043081284       -14.134595899028167     
  0.75000001117587090       -11.351761755000410     
  0.80000001192092896       -7.8313294893724787     
  0.85000001266598701       -3.5298106577647275     
  0.90000001341104507        1.5962831842024983     
  0.95000001415610313        7.5904404809088390     
   1.0000000149011612        14.496149676733936     
   1.0500000156462193        22.356899216057428     
   1.1000000163912773        31.216177543258979     
   1.1500000171363354        41.117473102718222     
   1.2000000178813934        52.104274338814818     
   1.2500000186264515        64.220069695928387     
   1.3000000193715096        77.508347618438592     
   1.3500000201165676        92.012596550725078     
   1.4000000208616257        107.77630493716751     
   1.4500000216066837        124.84296122214548     
   1.5000000223517418        143.25605385003868     
   1.5500000230967999        163.05907126522672     
   1.6000000238418579        184.29550191208929     
   1.6500000245869160        207.00883423500602     
   1.7000000253319740        231.24255667835649     
   1.7500000260770321        257.04015768652050     
   1.8000000268220901        284.44512570387758     
   1.8500000275671482        313.50094917480737     
   1.9000000283122063        344.25111654368959     
   1.9500000290572643        376.73911625490376     
   2.0000000298023224        411.00843675282965     
   2.0500000305473804        447.10256648184679     
   2.1000000312924385        485.06499388633495     
   2.1500000320374966        524.93920741067370     
   2.2000000327825546        566.76869549924265     
   2.2500000335276127        610.59694659642173     
   2.3000000342726707        656.46744914659018     
   2.3500000350177288        704.42369159412783     
   2.4000000357627869        754.50916238341438     
   2.4500000365078449        806.76734995882930     
